0,0,0,0,0,0
0,0,0,0,0,0
0.0548154,0.894158,0.0182718,0.298053,0.0182718,0.298053
0.0256439,0.922368,0.0201148,0.454131,0.0201148,0.454131
0.0642555,0.634512,0.028943,0.490208,0.028943,0.490208
0.0758906,0.868443,0.0367676,0.553247,0.0367676,0.553247
0.0538361,0.483282,0.0392059,0.543252,0.0392059,0.543252
0.0890995,0.739553,0.0454426,0.567789,0.0454426,0.567789
0.0899521,0.425071,0.0503881,0.551932,0.0503881,0.551932
0.0625504,0.488111,0.0516043,0.54555,0.0516043,0.54555
0.057055,0.516405,0.0520999,0.5429,0.0520999,0.5429
0.0326778,0.26633,0.0504814,0.519853,0.0504814,0.519853
0.0381163,0.271963,0.0495302,0.500784,0.0495302,0.500784
0.0405257,0.263332,0.048887,0.483823,0.048887,0.483823
0.0283077,0.192926,0.0475151,0.46443,0.0475151,0.46443
0.0284672,0.516842,0.0463246,0.467706,0.0463246,0.467706
0.0512827,0.63734,0.0466162,0.477684,0.0466162,0.477684
0.0522272,0.427091,0.046928,0.474874,0.046928,0.474874
0.0611617,0.522766,0.0476771,0.477394,0.0476771,0.477394
0.0572238,0.461615,0.0481544,0.476605,0.0481544,0.476605
0.0498552,0.561484,0.0482354,0.480647,0.0482354,0.480647
0.0522224,0.524571,0.0484166,0.482644,0.0484166,0.482644
0.0584925,0.316681,0.0488547,0.475428,0.0488547,0.475428
0.0584925,0.316681,0.0492563,0.468813,0.0492563,0.468813
0.0613577,0.616381,0.0497404,0.474716,0.0497404,0.474716
0.0671693,0.267449,0.0504107,0.466744,0.0504107,0.466744
0.0671693,0.267449,0.0510314,0.459363,0.0510314,0.459363
0.0671693,0.267449,0.0516077,0.452509,0.0516077,0.452509
0.0671693,0.267449,0.0521443,0.446128,0.0521443,0.446128
0.0467447,0.299205,0.0519644,0.44123,0.0519644,0.44123
0.0775343,0.909115,0.0527892,0.456323,0.0527892,0.456323
0.0583258,0.25466,0.0529622,0.450021,0.0529622,0.450021
0.0358661,0.364216,0.0524442,0.447421,0.0524442,0.447421
0.0244473,0.216616,0.0516207,0.440633,0.0516207,0.440633
0.0285902,0.319358,0.0509627,0.437168,0.0509627,0.437168
0.0207009,0.197414,0.0501221,0.430508,0.0501221,0.430508
0.0168984,0.217551,0.0492242,0.424752,0.0492242,0.424752
0.0168984,0.217551,0.0483735,0.4193,0.0483735,0.4193
0.0142884,0.181153,0.0474995,0.413193,0.0474995,0.413193
0.0119499,0.143506,0.0466108,0.406451,0.0466108,0.406451
0.0119499,0.143506,0.0457654,0.400038,0.0457654,0.400038
0.0130268,0.185712,0.0449859,0.394935,0.0449859,0.394935
0.0228612,0.256797,0.0444714,0.391722,0.0444714,0.391722
0.0228612,0.256797,0.0439802,0.388656,0.0439802,0.388656
0.0191654,0.1373,0.0434288,0.38307,0.0434288,0.38307
0.0173665,0.194717,0.0428622,0.378976,0.0428622,0.378976
0.0173665,0.194717,0.0423197,0.375055,0.0423197,0.375055
0.0173665,0.194717,0.0417999,0.371298,0.0417999,0.371298
0.0228853,0.26427,0.0414139,0.369114,0.0414139,0.369114
0.0210499,0.205539,0.0410066,0.365842,0.0410066,0.365842
0.0210499,0.205539,0.0406153,0.362699,0.0406153,0.362699
0.0247727,0.177286,0.0403106,0.359134,0.0403106,0.359134
0.0151131,0.193594,0.0398352,0.35601,0.0398352,0.35601
0.0151131,0.193594,0.0393774,0.353002,0.0393774,0.353002
0.0205887,0.262808,0.0390358,0.351363,0.0390358,0.351363
0.0213128,0.200703,0.0387193,0.348672,0.0387193,0.348672
0.0213128,0.200703,0.0384139,0.346076,0.0384139,0.346076
0.0179572,0.225375,0.0380612,0.343995,0.0380612,0.343995
0.0169083,0.195986,0.0377027,0.341487,0.0377027,0.341487
0.0142693,0.197375,0.0373121,0.339085,0.0373121,0.339085
0.0142693,0.197375,0.0369344,0.336762,0.0369344,0.336762
0.0307473,0.275508,0.0368346,0.335774,0.0368346,0.335774
0.0307473,0.275508,0.036738,0.334817,0.036738,0.334817
0.0307473,0.275508,0.0366444,0.33389,0.0366444,0.33389
0.046195,0.512681,0.0367913,0.336641,0.0367913,0.336641
0.046195,0.512681,0.0369338,0.339308,0.0369338,0.339308
0.046195,0.512681,0.037072,0.341896,0.037072,0.341896
0.0445242,0.332413,0.0371816,0.341756,0.0371816,0.341756
0.0526828,0.599113,0.0374062,0.345486,0.0374062,0.345486
0.0526828,0.599113,0.0376245,0.349109,0.0376245,0.349109
0.0456579,0.502077,0.0377376,0.351264,0.0377376,0.351264
0.0434032,0.508923,0.0378163,0.353454,0.0378163,0.353454
0.0394695,0.483939,0.037839,0.355241,0.037839,0.355241
0.0359561,0.210052,0.0378135,0.353279,0.0378135,0.353279
0.0477859,0.338655,0.0379465,0.353084,0.0379465,0.353084
0.031871,0.177998,0.0378665,0.35078,0.0378665,0.35078
0.031871,0.177998,0.0377887,0.348536,0.0377887,0.348536
0.0288482,0.252556,0.0376741,0.347306,0.0376741,0.347306
0.0247731,0.180124,0.0375107,0.34519,0.0375107,0.34519
0.0247731,0.180124,0.0373515,0.343126,0.0373515,0.343126
0.0247731,0.180124,0.0371962,0.341114,0.0371962,0.341114
0.0232533,0.135186,0.0370262,0.338603,0.0370262,0.338603
0.0309966,0.436715,0.0369536,0.339785,0.0369536,0.339785
0.0286065,0.339498,0.0368542,0.339781,0.0368542,0.339781
0.0334674,0.390741,0.0368143,0.340381,0.0368143,0.340381
0.0334674,0.390741,0.0367754,0.340966,0.0367754,0.340966
0.0312819,0.292391,0.0367123,0.340408,0.0367123,0.340408
0.0264291,0.326602,0.0365954,0.340251,0.0365954,0.340251
0.0264291,0.326602,0.0364812,0.340098,0.0364812,0.340098
0.0264291,0.326602,0.0363695,0.339948,0.0363695,0.339948
0.0500675,0.507537,0.03652,0.34179,0.03652,0.34179
0.0628401,0.400302,0.0368061,0.342426,0.0368061,0.342426
0.0613342,0.29642,0.0370699,0.341931,0.0370699,0.341931
0.0739245,0.574217,0.0374619,0.344402,0.0374619,0.344402
0.0429531,0.662118,0.0375197,0.347746,0.0375197,0.347746
0.0337197,0.672028,0.0374802,0.351124,0.0374802,0.351124
0.0337197,0.672028,0.0374414,0.354433,0.0374414,0.354433
0.0361087,0.452571,0.0374278,0.355434,0.0374278,0.355434
0.0361087,0.452571,0.0374145,0.356415,0.0374145,0.356415
0.0361087,0.452571,0.0374014,0.357377,0.0374014,0.357377
0.0381233,0.420303,0.0374086,0.358,0.0374086,0.358
0.0513908,0.22258,0.0375456,0.356672,0.0375456,0.356672
0.0513908,0.22258,0.0376801,0.35537,0.0376801,0.35537
0.0513908,0.22258,0.0378119,0.354093,0.0378119,0.354093
0.0392778,0.288098,0.0378258,0.353465,0.0378258,0.353465
0.0307442,0.217394,0.037759,0.352181,0.037759,0.352181
0.0307442,0.217394,0.0376935,0.350922,0.0376935,0.350922
0.0316898,0.218176,0.0376379,0.349692,0.0376379,0.349692
0.0337762,0.296526,0.0376025,0.349205,0.0376025,0.349205
0.0337762,0.296526,0.0375677,0.348726,0.0375677,0.348726
0.0337762,0.296526,0.0375335,0.348256,0.0375335,0.348256
0.0348208,0.111552,0.0375093,0.346142,0.0375093,0.346142
0.0400519,0.473156,0.0375318,0.347266,0.0375318,0.347266
0.0445497,0.243149,0.0375934,0.346353,0.0375934,0.346353
0.0367123,0.349076,0.0375857,0.346376,0.0375857,0.346376
0.0367123,0.349076,0.0375782,0.3464,0.0375782,0.3464
0.0289131,0.196251,0.0375041,0.345116,0.0375041,0.345116
0.0545457,0.629163,0.0376485,0.347524,0.0376485,0.347524
0.0545457,0.629163,0.0377905,0.34989,0.0377905,0.34989
0.0532921,0.576166,0.0379197,0.351776,0.0379197,0.351776
0.0476561,0.31901,0.0380002,0.351505,0.0380002,0.351505
0.0476561,0.31901,0.0380793,0.351239,0.0380793,0.351239
0.0476561,0.31901,0.0381572,0.350977,0.0381572,0.350977
0.0459997,0.590086,0.0382204,0.352905,0.0382204,0.352905
0.0459997,0.590086,0.0382827,0.354803,0.0382827,0.354803
0.0459997,0.590086,0.0383439,0.35667,0.0383439,0.35667
0.0623918,0.310429,0.0385333,0.356306,0.0385333,0.356306
0.0452199,0.264736,0.0385855,0.35559,0.0385855,0.35559
0.0452199,0.264736,0.0386369,0.354886,0.0386369,0.354886
0.0421561,0.221985,0.038664,0.353864,0.038664,0.353864
0.0360051,0.346693,0.0386437,0.353809,0.0386437,0.353809
0.0360051,0.346693,0.0386237,0.353755,0.0386237,0.353755
0.0339918,0.305765,0.0385889,0.353394,0.0385889,0.353394
0.0269571,0.359249,0.0385021,0.353438,0.0385021,0.353438
0.0241971,0.318408,0.0383961,0.353178,0.0383961,0.353178
0.0241971,0.318408,0.0382917,0.352923,0.0382917,0.352923
0.0312243,0.466972,0.0382401,0.353755,0.0382401,0.353755
0.0273301,0.466198,0.0381611,0.35457,0.0381611,0.35457
0.0273301,0.466198,0.0380831,0.355373,0.0380831,0.355373
0.0297833,0.395648,0.0380239,0.355661,0.0380239,0.355661
0.0331068,0.413163,0.037989,0.356069,0.037989,0.356069
0.0331068,0.413163,0.0379546,0.356471,0.0379546,0.356471
0.0255124,0.279517,0.0378676,0.355933,0.0378676,0.355933
0.038137,0.293299,0.0378695,0.355498,0.0378695,0.355498
0.038137,0.293299,0.0378713,0.355069,0.0378713,0.355069
0.047884,0.345305,0.0379399,0.355002,0.0379399,0.355002
0.0485914,0.549074,0.0380124,0.356322,0.0380124,0.356322
0.0485914,0.549074,0.0380838,0.357624,0.0380838,0.357624
0.0418018,0.464503,0.0381088,0.358342,0.0381088,0.358342
0.0479418,0.316674,0.0381743,0.358064,0.0381743,0.358064
0.0398791,0.361454,0.0381856,0.358086,0.0381856,0.358086
0.0354903,0.36281,0.0381679,0.358117,0.0381679,0.358117
0.0273482,0.283177,0.0380972,0.357628,0.0380972,0.357628
0.0273482,0.283177,0.0380274,0.357144,0.0380274,0.357144
0.0273482,0.283177,0.0379585,0.356667,0.0379585,0.356667
0.0210609,0.209235,0.0378502,0.355722,0.0378502,0.355722
0.0262709,0.249817,0.0377764,0.355047,0.0377764,0.355047
0.0262709,0.249817,0.0377036,0.354381,0.0377036,0.354381
0.0261937,0.244371,0.0376312,0.353689,0.0376312,0.353689
0.0261937,0.244371,0.0375597,0.353006,0.0375597,0.353006
0.0232492,0.287713,0.0374708,0.352601,0.0374708,0.352601
0.0192626,0.367566,0.0373584,0.352693,0.0373584,0.352693
0.0192626,0.367566,0.0372474,0.352784,0.0372474,0.352784
0.0254924,0.356851,0.0371757,0.352809,0.0371757,0.352809
0.0314771,0.272902,0.0371412,0.352325,0.0371412,0.352325
0.0314771,0.272902,0.0371071,0.351846,0.0371071,0.351846
0.0314771,0.272902,0.0370734,0.351374,0.0370734,0.351374
0.0355501,0.157501,0.0370643,0.35022,0.0370643,0.35022
0.0291559,0.188254,0.0370175,0.349261,0.0370175,0.349261
0.0291559,0.188254,0.0369713,0.348314,0.0369713,0.348314
0.0220014,0.142155,0.0368837,0.347109,0.0368837,0.347109
0.0232526,0.207153,0.0368045,0.346295,0.0368045,0.346295
0.0232526,0.207153,0.0367261,0.345491,0.0367261,0.345491
0.0206366,0.158828,0.0366337,0.344418,0.0366337,0.344418
0.0206099,0.169301,0.0365421,0.343417,0.0365421,0.343417
0.0206099,0.169301,0.0364516,0.342428,0.0364516,0.342428
0.0206099,0.169301,0.0363621,0.34145,0.0363621,0.34145
0.026498,0.261236,0.0363067,0.340999,0.0363067,0.340999
0.0266349,0.170838,0.0362526,0.340048,0.0362526,0.340048
0.0266349,0.170838,0.0361992,0.339108,0.0361992,0.339108
0.0204822,0.159635,0.0361124,0.338117,0.0361124,0.338117
0.0168408,0.154776,0.0360065,0.337109,0.0360065,0.337109
0.0168408,0.154776,0.0359017,0.336113,0.0359017,0.336113
0.0168408,0.154776,0.0357982,0.335128,0.0357982,0.335128
0.0075701,0.129843,0.0356456,0.334018,0.0356456,0.334018
0.0075701,0.129843,0.0354946,0.33292,0.0354946,0.33292
0.0075701,0.129843,0.0353453,0.331834,0.0353453,0.331834
0.0267752,0.287721,0.0352997,0.3316,0.0352997,0.3316
0.0306351,0.177956,0.035275,0.330787,0.035275,0.330787
0.0306351,0.177956,0.0352506,0.329982,0.0352506,0.329982
0.0238691,0.174392,0.035191,0.329168,0.035191,0.329168
0.022789,0.25458,0.0351264,0.328779,0.0351264,0.328779
0.022789,0.25458,0.0350625,0.328395,0.0350625,0.328395
0.0298298,0.414869,0.0350355,0.328841,0.0350355,0.328841
0.0428368,0.402336,0.0350755,0.329217,0.0350755,0.329217
0.0428368,0.402336,0.0351151,0.32959,0.0351151,0.32959
0.0533397,0.439867,0.0352076,0.33015,0.0352076,0.33015
0.0638777,0.450883,0.0353524,0.33076,0.0353524,0.33076
0.0638777,0.450883,0.0354958,0.331364,0.0354958,0.331364
0.0734314,0.674704,0.0356855,0.33308,0.0356855,0.33308
0.0496299,0.496979,0.0357548,0.333896,0.0359336,0.335565
0.0496299,0.496979,0.0358235,0.334703,0.0361818,0.33805
0.0496299,0.496979,0.0358915,0.335502,0.0361558,0.336064
0.0496299,0.496979,0.0359589,0.336294,0.0362758,0.333937
0.0365245,0.341568,0.0359616,0.33632,0.0361371,0.332473
0.036206,0.272192,0.0359628,0.336008,0.0359387,0.329491
0.036206,0.272192,0.035964,0.3357,0.0358505,0.328436
0.036206,0.272192,0.0359652,0.335395,0.0355861,0.326099
0.036206,0.272192,0.0359663,0.335092,0.0353173,0.325335
0.036206,0.272192,0.0359675,0.334793,0.0351856,0.324255
0.0677441,0.641114,0.0361181,0.336245,0.0352391,0.324879
0.0564256,0.537168,0.0362139,0.337192,0.0353578,0.326233
0.0449926,0.270511,0.0362551,0.336879,0.0353922,0.326226
0.0362374,0.343594,0.036255,0.336911,0.0353707,0.326627
0.0348658,0.34777,0.0362485,0.336961,0.0354035,0.327401
0.0265971,0.19014,0.0362038,0.336282,0.0353942,0.325768
0.0274612,0.221298,0.0361636,0.335752,0.0352751,0.323687
0.0233532,0.182411,0.0361048,0.335048,0.0351307,0.322464
0.0262736,0.344979,0.0360599,0.335094,0.0349563,0.321575
0.0253366,0.165643,0.0360112,0.334323,0.0347968,0.320095
0.022832,0.154425,0.0359515,0.333509,0.0346617,0.31806
0.0205045,0.163395,0.0358819,0.332743,0.0345031,0.316254
0.0181009,0.127611,0.0358022,0.331823,0.0343012,0.315309
0.015877,0.128602,0.0357133,0.330916,0.0340881,0.314368
0.0162041,0.0941328,0.0356265,0.329864,0.0338623,0.311757
0.0121882,0.145844,0.0355228,0.329049,0.0335874,0.311149
0.0135585,0.114458,0.0354261,0.328104,0.0333194,0.310384
0.0134646,0.111362,0.0353298,0.327153,0.0330508,0.309604
0.0134646,0.111362,0.0352343,0.326211,0.0327823,0.308823
0.013835,0.0779021,0.0351412,0.325131,0.0326178,0.307717
0.0135963,0.157822,0.035048,0.324407,0.0322981,0.30396
0.0135035,0.128197,0.0349551,0.323561,0.032074,0.303328
0.0126062,0.141247,0.0348592,0.322779,0.0319577,0.302213
0.0120812,0.130691,0.0347618,0.321958,0.0318958,0.301783
0.0120812,0.130691,0.0346653,0.321144,0.0318133,0.30084
0.0168518,0.190972,0.0345898,0.320593,0.031794,0.300808
0.0152998,0.200275,0.0345085,0.320085,0.0317861,0.300721
0.0152802,0.164962,0.0344277,0.319433,0.031778,0.300458
0.0391084,0.183435,0.0344473,0.318864,0.0319021,0.30047
0.0391084,0.183435,0.0344667,0.3183,0.0320379,0.30067
0.0362327,0.216757,0.034474,0.317878,0.0321593,0.301036
0.0608033,0.436828,0.0345828,0.31837,0.0323982,0.302291
0.0608033,0.436828,0.0346907,0.318857,0.0325879,0.303192
0.0360464,0.325665,0.0346963,0.318885,0.0326538,0.303536
0.0360464,0.325665,0.0347018,0.318913,0.0327382,0.304478
0.0360464,0.325665,0.0347072,0.318941,0.0328316,0.305132
0.0317298,0.398424,0.0346952,0.319262,0.0329034,0.306151
0.0391693,0.185002,0.0347132,0.318721,0.0330124,0.306102
0.0391693,0.185002,0.0347311,0.318184,0.0330938,0.305706
0.0302197,0.239677,0.0347131,0.31787,0.0331397,0.305877
0.036603,0.0748526,0.0347206,0.316902,0.0332175,0.305223
0.036603,0.0748526,0.0347281,0.315941,0.0332766,0.304711
0.0383241,0.416068,0.0347423,0.316337,0.0333927,0.305824
0.0359148,0.286448,0.0347469,0.316219,0.0334967,0.306288
0.0359148,0.286448,0.0347515,0.316103,0.0335733,0.306406
0.0337877,0.173121,0.0347477,0.315544,0.0336357,0.306268
0.0324783,0.280436,0.0347389,0.315407,0.0336915,0.306667
0.0395898,0.367754,0.0347577,0.31561,0.0337997,0.307379
0.0397722,0.301932,0.034777,0.315557,0.033914,0.307908
0.0283464,0.275291,0.0347523,0.315403,0.0339844,0.308298
0.0283464,0.275291,0.0347278,0.315249,0.0340548,0.308688
0.0282759,0.331989,0.0347031,0.315313,0.0340424,0.30897
0.0202371,0.177769,0.0346481,0.31479,0.0339899,0.308481
0.0369967,0.252791,0.034657,0.314555,0.0340211,0.308368
0.0369967,0.252791,0.0346659,0.314322,0.0339751,0.307068
0.0379975,0.257724,0.0346784,0.314109,0.0339341,0.305793
0.030646,0.186218,0.0346633,0.31363,0.0338564,0.304161
0.030646,0.186218,0.0346483,0.313155,0.033787,0.30343
0.0299781,0.185971,0.0346309,0.312682,0.0336735,0.301364
0.0392455,0.534768,0.034648,0.313504,0.0336063,0.301043
0.0392455,0.534768,0.034665,0.314321,0.0335742,0.301206
0.0392455,0.534768,0.0346818,0.315131,0.0335534,0.301335
0.0287128,0.32479,0.03466,0.315167,0.0334996,0.30054
0.0287128,0.32479,0.0346383,0.315202,0.0334634,0.301113
0.0287128,0.32479,0.0346167,0.315237,0.0333681,0.301044
0.0188674,0.374672,0.0345597,0.315452,0.033303,0.302027
0.0223294,0.285893,0.0345155,0.315345,0.0332553,0.302567
0.0223294,0.285893,0.0344717,0.315239,0.0332227,0.302734
0.0272827,0.223206,0.0344459,0.31491,0.0332353,0.302949
0.0237114,0.116702,0.0344076,0.314202,0.03323,0.302632
0.0237114,0.116702,0.0343695,0.313499,0.0332247,0.302315
0.0268898,0.231042,0.034343,0.313206,0.0332429,0.302794
0.0272373,0.21961,0.0343179,0.312876,0.0332241,0.301708
0.0272373,0.21961,0.0342929,0.312547,0.0332172,0.301109
0.0272373,0.21961,0.0342682,0.312221,0.0331861,0.300253
0.0162575,0.14079,0.0342052,0.311622,0.0331,0.299004
0.0162575,0.14079,0.0341427,0.311027,0.0330249,0.298246
0.0159939,0.113952,0.0340797,0.310342,0.0329727,0.297182
0.015001,0.20078,0.0340136,0.309963,0.0329156,0.296553
0.014944,0.171093,0.0339479,0.309484,0.0328581,0.295776
0.014944,0.171093,0.0338826,0.309009,0.0326825,0.294093
0.0211405,0.1492,0.0338389,0.308461,0.032474,0.292838
0.0172561,0.160092,0.0337823,0.307955,0.0322536,0.292156
0.0172561,0.160092,0.0337261,0.307452,0.0319703,0.290086
0.0191591,0.119585,0.0336767,0.306815,0.0318513,0.287373
0.0214697,0.263648,0.0336355,0.306669,0.0317901,0.285331
0.0214697,0.263648,0.0335945,0.306525,0.0317288,0.283289
0.0183958,0.250604,0.0335435,0.306337,0.0316403,0.282279
0.0335474,0.243085,0.0335436,0.306125,0.0316275,0.281232
0.0335474,0.243085,0.0335436,0.305915,0.0316146,0.280185
0.0303232,0.259426,0.0335329,0.305761,0.0315756,0.27938
0.0339585,0.321051,0.0335343,0.305811,0.0314885,0.279873
0.0340068,0.307237,0.0335358,0.305816,0.0314016,0.280296
0.0340068,0.307237,0.0335374,0.305821,0.0313146,0.280719
0.0255099,0.231476,0.0335111,0.305577,0.0312458,0.280436
0.0255099,0.231476,0.0334849,0.305335,0.0312196,0.280506
0.0255099,0.231476,0.0334589,0.305094,0.0311935,0.280577
0.0221554,0.239129,0.0334222,0.30488,0.0311458,0.280682
0.0222134,0.215884,0.033386,0.304592,0.031088,0.280278
0.0205604,0.234493,0.0333446,0.304366,0.0310219,0.279968
0.0111328,0.18478,0.0332732,0.303982,0.0309087,0.279409
0.0111328,0.18478,0.0332022,0.303599,0.0307902,0.279776
0.0111328,0.18478,0.0331317,0.30322,0.0306456,0.278334
0.0353078,0.408526,0.0331386,0.303555,0.0305994,0.279161
0.0335395,0.365062,0.0331399,0.30375,0.0305836,0.279241
0.0335395,0.365062,0.0331412,0.303945,0.0305677,0.27932
0.0294291,0.233582,0.0331295,0.303723,0.0305703,0.279507
0.0265845,0.185993,0.0331089,0.303352,0.0304305,0.277291
0.0265845,0.185993,0.0330884,0.302984,0.0302907,0.275075
0.024014,0.250906,0.0330601,0.302822,0.0301443,0.273449
0.016237,0.184608,0.0330077,0.302453,0.0299872,0.272777
0.016237,0.184608,0.0329556,0.302087,0.0298301,0.272105
0.016237,0.184608,0.0329038,0.301724,0.029673,0.271433
0.0159254,0.176308,0.0328514,0.301337,0.0295226,0.269364
0.0239778,0.304502,0.0328241,0.301346,0.0294125,0.267936
0.0239778,0.304502,0.032797,0.301356,0.0293024,0.266508
0.0300335,0.184812,0.0327885,0.301,0.0291406,0.26588
0.0241494,0.156969,0.0327622,0.300561,0.0290353,0.265341
0.0241494,0.156969,0.032736,0.300124,0.0289299,0.264803
0.0216673,0.133673,0.0327025,0.29962,0.0288275,0.264361
0.0174974,0.185498,0.0326565,0.299275,0.0287349,0.263555
0.0159859,0.19677,0.0326063,0.298966,0.0286348,0.262805
0.0124347,0.136555,0.0325457,0.298478,0.0285271,0.261959
0.0124347,0.136555,0.0324855,0.297994,0.0284544,0.260846
0.0124347,0.136555,0.0324257,0.297512,0.0283956,0.259937
0.0186232,0.199684,0.0323846,0.297221,0.0283678,0.259343
0.0198562,0.200646,0.0323474,0.296934,0.0283109,0.258011
0.0198562,0.200646,0.0323105,0.296649,0.0282735,0.256684
0.0172173,0.195171,0.0322659,0.29635,0.028223,0.255329
0.0189457,0.266474,0.0322268,0.296262,0.0281688,0.254683
0.0189457,0.266474,0.0321878,0.296175,0.028098,0.253949
0.0259962,0.475722,0.0321697,0.2967,0.0280624,0.254262
0.0229094,0.321352,0.0321427,0.296771,0.0280494,0.254471
0.0240071,0.245225,0.0321191,0.296622,0.0279788,0.254231
0.0258298,0.323668,0.0321008,0.2967,0.0279172,0.254383
0.0291457,0.315642,0.0320923,0.296755,0.0278235,0.254234
0.0291457,0.315642,0.0320838,0.296809,0.0277263,0.253067
0.0291457,0.315642,0.0320754,0.296863,0.0276291,0.2519
0.0354703,0.379992,0.0320851,0.297101,0.0275974,0.251477
0.0244408,0.177528,0.0320632,0.29676,0.0274799,0.250782
0.0244408,0.177528,0.0320415,0.29642,0.0274027,0.249862
0.0358873,0.405379,0.0320525,0.29673,0.0274047,0.250075
0.0248357,0.327287,0.032032,0.296816,0.0273922,0.250296
0.0248357,0.327287,0.0320117,0.296902,0.0273796,0.250516
0.0248357,0.327287,0.0319915,0.296988,0.027367,0.250737
0.022279,0.252241,0.0319642,0.296862,0.0273731,0.250952
0.0181164,0.151263,0.0319254,0.296454,0.0273323,0.250459
0.0181164,0.151263,0.0318868,0.296049,0.0272916,0.249966
0.0246525,0.187765,0.0318667,0.295747,0.0272839,0.249683
0.0180776,0.162207,0.0318284,0.295376,0.0272433,0.249272
0.0180776,0.162207,0.0317903,0.295007,0.0272174,0.248645
0.0122284,0.127347,0.0317362,0.294544,0.0271823,0.247444
0.0104873,0.0935977,0.0316777,0.293991,0.0271384,0.246074
0.0104873,0.0935977,0.0316195,0.29344,0.0270634,0.244758
0.0104873,0.0935977,0.0315616,0.292893,0.0269584,0.243861
0.0313581,0.277728,0.031561,0.292851,0.0269578,0.243885
0.0313581,0.277728,0.0315605,0.29281,0.0269572,0.243909
0.0313581,0.277728,0.0315599,0.292769,0.0269363,0.24451
0.0203585,0.213666,0.0315296,0.292555,0.0268923,0.244637
0.0188722,0.160958,0.0314954,0.292199,0.0268409,0.244501
0.0188722,0.160958,0.0314613,0.291845,0.0268252,0.244595
0.0323943,0.259013,0.0314639,0.291757,0.0268709,0.244854
0.0259764,0.15762,0.0314491,0.291397,0.0268845,0.244607
0.0309469,0.350465,0.0314478,0.291555,0.0269361,0.245565
0.035431,0.398959,0.0314584,0.291842,0.0270102,0.246713
0.035431,0.398959,0.031469,0.292127,0.0270843,0.247861
0.0266983,0.259552,0.0314563,0.29204,0.0271147,0.248313
0.0243168,0.243566,0.0314374,0.291912,0.0271038,0.248224
0.0243168,0.243566,0.0314187,0.291784,0.0270922,0.248588
0.02355,0.206544,0.0313979,0.29156,0.0270768,0.248766
0.0170045,0.18408,0.0313602,0.291278,0.0270594,0.248889
0.0170045,0.18408,0.0313226,0.290997,0.0270603,0.249035
0.0165693,0.259189,0.0312841,0.290914,0.0270589,0.249557
0.0215558,0.155978,0.0312587,0.290563,0.0270825,0.249563
0.0215558,0.155978,0.0312335,0.290213,0.0271524,0.249694
0.0215558,0.155978,0.0312085,0.289866,0.0272223,0.249825
0.0232601,0.156384,0.0311879,0.289521,0.0273008,0.249957
0.0232601,0.156384,0.0311675,0.289177,0.0272832,0.249301
0.0232601,0.156384,0.0311472,0.288836,0.0272463,0.249193
0.0242075,0.118606,0.0311294,0.2884,0.0272142,0.248896
0.0224186,0.207471,0.0311071,0.288193,0.0272069,0.249061
0.0224186,0.207471,0.0310849,0.287987,0.0272051,0.248826
0.0139756,0.204682,0.0310414,0.287775,0.027161,0.248576
0.0136006,0.129127,0.0309971,0.287372,0.0270799,0.247148
0.0136006,0.129127,0.0309531,0.286971,0.0269337,0.245782
0.0155839,0.165591,0.0309143,0.286665,0.0267974,0.244598
0.011949,0.152513,0.0308665,0.286327,0.0265905,0.243161
0.0123365,0.12187,0.0308199,0.285914,0.0263328,0.241516
0.0112238,0.155041,0.0307708,0.285586,0.0260695,0.240037
0.00975429,0.10421,0.0307183,0.285132,0.0257511,0.237184
0.00975429,0.10421,0.030666,0.284681,0.0255517,0.235221
0.00975429,0.10421,0.030614,0.284232,0.0253524,0.233257
0.00955883,0.165001,0.0305617,0.283936,0.025152,0.231597
0.00811471,0.12762,0.0305062,0.283549,0.0249444,0.22975
0.00811471,0.12762,0.0304509,0.283164,0.0248024,0.22868
0.017559,0.182332,0.0304191,0.282916,0.0247091,0.228231
0.0151972,0.142819,0.0303817,0.282572,0.0246041,0.227584
0.0151972,0.142819,0.0303445,0.282229,0.024499,0.226937
0.0128092,0.0924048,0.0303016,0.281765,0.0243821,0.226038
0.00894379,0.0827786,0.0302496,0.28128,0.0242458,0.225091
0.00894379,0.0827786,0.0301977,0.280797,0.0239518,0.2223
0.0087982,0.0986745,0.0301458,0.280355,0.0237136,0.220107
0.0125699,0.149333,0.0301032,0.280038,0.0235515,0.219501
0.0168811,0.138097,0.0300713,0.279695,0.0234547,0.218474
0.0168811,0.138097,0.0300395,0.279354,0.0233648,0.217425
0.016146,0.105787,0.0300061,0.278936,0.0233125,0.217004
0.016146,0.105787,0.0299729,0.278521,0.023256,0.216426
0.0158175,0.124329,0.029939,0.278152,0.0232183,0.216136
0.0132093,0.163973,0.0298991,0.27788,0.023153,0.215231
0.0119203,0.157852,0.0298563,0.277594,0.0230859,0.215192
0.0118005,0.108832,0.0298134,0.277193,0.0230307,0.214964
0.010792,0.11661,0.0297683,0.276813,0.0229822,0.21473
0.010792,0.11661,0.0297234,0.276434,0.0229456,0.214675
0.0102354,0.0933564,0.0296775,0.276002,0.0229174,0.214499
0.010447,0.124915,0.0296322,0.275647,0.0228886,0.214652
0.010447,0.124915,0.0295872,0.275293,0.0228799,0.214548
0.010447,0.124915,0.0295424,0.274941,0.0228644,0.2146
0.00884428,0.0771334,0.029494,0.274478,0.0228413,0.214429
0.00884428,0.0771334,0.0294459,0.274018,0.0228182,0.214258
0.00884428,0.0771334,0.029398,0.273561,0.0227932,0.214254
0.00800376,0.0741496,0.0293483,0.273098,0.0227652,0.213836
0.0102658,0.105319,0.0293042,0.272709,0.0227491,0.213721
0.0102658,0.105319,0.0292602,0.272323,0.0227374,0.213542
0.0100594,0.0636003,0.0292159,0.271842,0.0227272,0.213206
0.00941348,0.11413,0.0291704,0.271479,0.0227139,0.213123
0.00941348,0.11413,0.0291251,0.271119,0.0226767,0.212739
0.0090751,0.100391,0.0290792,0.270728,0.0226456,0.21224
0.00924437,0.125661,0.0290339,0.270397,0.0226154,0.212043
0.00752798,0.117256,0.028985,0.270048,0.0224575,0.211712
0.00752798,0.117256,0.0289362,0.269701,0.0222996,0.211381
0.00719614,0.0653488,0.0288869,0.269237,0.0221544,0.210624
0.00719614,0.0653488,0.0288378,0.268776,0.0218864,0.208767
0.00719614,0.0653488,0.028789,0.268317,0.0216184,0.20691
0.00756905,0.0890177,0.0287412,0.267913,0.021476,0.205726
0.0082334,0.0744651,0.0286951,0.267478,0.0213369,0.20447
0.0082334,0.0744651,0.0286492,0.267045,0.0211978,0.203214
0.00675267,0.0373765,0.0286002,0.266532,0.0210729,0.201409
0.00697909,0.0548141,0.028552,0.266059,0.020912,0.200758
0.00697909,0.0548141,0.0285039,0.265589,0.020751,0.200107
0.00624724,0.0389057,0.0284545,0.265085,0.0206312,0.199103
0.00512143,0.0383301,0.0284027,0.264582,0.0204738,0.198921
0.00512143,0.0383301,0.0283512,0.264081,0.0203164,0.198738
0.00452954,0.0374461,0.0282986,0.263581,0.0201474,0.196845
0.0075607,0.0691951,0.0282529,0.263153,0.0200056,0.195759
0.00723326,0.0590602,0.0282068,0.262704,0.0198622,0.194622
0.00723326,0.0590602,0.0281608,0.262258,0.0197294,0.194052
0.0167855,0.262993,0.0281359,0.262259,0.019651,0.193964
0.0178695,0.189268,0.0281134,0.2621,0.0195424,0.193072
0.0178695,0.189268,0.0280911,0.261941,0.0194329,0.192509
0.0178695,0.189268,0.0280689,0.261783,0.0193805,0.192078
0.012451,0.248039,0.028035,0.261754,0.019301,0.191942
0.0265621,0.461823,0.0280318,0.262187,0.0192924,0.192591
0.0324173,0.329692,0.0280413,0.262332,0.0193533,0.193351
0.0324173,0.329692,0.0280507,0.262478,0.0193304,0.193735
0.0324173,0.329692,0.0280601,0.262622,0.0193075,0.19412
0.0390191,0.543679,0.0280837,0.263225,0.0193127,0.19555
0.0380453,0.339321,0.028105,0.263388,0.0193496,0.196315
0.0380453,0.339321,0.0281262,0.26355,0.0193866,0.197081
0.028805,0.347405,0.0281277,0.263729,0.0193808,0.197888
0.028805,0.347405,0.0281291,0.263907,0.0193286,0.196951
0.028805,0.347405,0.0281305,0.264085,0.0192764,0.196014
0.0280899,0.3062,0.0281305,0.264174,0.0192206,0.194871
0.0420435,0.342311,0.0281599,0.264339,0.0192872,0.194959
0.0420435,0.342311,0.0281892,0.264503,0.0193539,0.195047
0.0420435,0.342311,0.0282183,0.264667,0.0194206,0.195134
0.0349064,0.184088,0.0282324,0.264498,0.0195008,0.194181
0.0237405,0.135596,0.028223,0.264228,0.0195078,0.19343
0.0237405,0.135596,0.0282136,0.263959,0.0195149,0.192678
0.0198852,0.198123,0.0281962,0.263821,0.0194779,0.192553
0.0469763,0.446092,0.0282353,0.264201,0.0195942,0.1942
0.0469763,0.446092,0.0282743,0.264579,0.0197105,0.195847
0.0422126,0.334819,0.0283032,0.264725,0.0197871,0.196366
0.0276224,0.22093,0.0283018,0.264634,0.0197891,0.196372
0.0264899,0.182872,0.0282981,0.264465,0.0197853,0.196189
0.0305245,0.304323,0.0283026,0.264547,0.0198018,0.196612
0.0256565,0.271006,0.0282972,0.264561,0.0198488,0.197263
0.0256565,0.271006,0.0282918,0.264574,0.0198958,0.197914
0.0393463,0.503204,0.0283144,0.265063,0.0200125,0.199861
0.0308218,0.404243,0.0283196,0.265348,0.0200916,0.200878
0.0308218,0.404243,0.0283247,0.265631,0.020171,0.202044
0.026666,0.204893,0.0283213,0.265507,0.0202296,0.202213
0.026666,0.204893,0.0283179,0.265384,0.0202572,0.202491
0.026666,0.204893,0.0283146,0.265261,0.0203043,0.202715
0.0170117,0.133182,0.0282917,0.264994,0.0203031,0.202581
0.0209443,0.209887,0.0282768,0.264883,0.020312,0.203032
0.0209443,0.209887,0.0282621,0.264772,0.0203094,0.202763
0.0221753,0.103397,0.0282498,0.264447,0.0203129,0.201962
0.0164076,0.125181,0.028226,0.264168,0.020303,0.201335
0.0164076,0.125181,0.0282024,0.263889,0.0202173,0.200745
0.0164076,0.125181,0.0281788,0.263612,0.0201316,0.200156
0.0104428,0.0837809,0.0281434,0.263253,0.0200322,0.199278
0.00766182,0.0861005,0.0281026,0.2629,0.0199007,0.198103
0.0168882,0.2284,0.0280803,0.262831,0.0198151,0.197709
0.0141874,0.207465,0.0280527,0.262721,0.019716,0.19721
0.0148155,0.139527,0.0280265,0.262477,0.0196625,0.19675
0.0142307,0.211418,0.0279992,0.262376,0.0196061,0.19665
0.0182624,0.0817143,0.02798,0.26202,0.0195699,0.195901
0.0182624,0.0817143,0.0279609,0.261665,0.0195504,0.195114
0.0159784,0.108011,0.0279374,0.261363,0.0195192,0.194575
0.0159784,0.108011,0.0279139,0.261063,0.0194963,0.193942
0.0159784,0.108011,0.0278905,0.260763,0.0195206,0.193558
0.0165503,0.111438,0.0278684,0.260471,0.0195476,0.193192
0.0165503,0.111438,0.0278463,0.260181,0.0195747,0.192825
0.0165503,0.111438,0.0278244,0.259892,0.0194809,0.19134
0.0158484,0.148598,0.0278011,0.259675,0.0193925,0.190257
0.0158484,0.148598,0.0277779,0.25946,0.019304,0.189175
0.0158484,0.148598,0.0277549,0.259246,0.0192361,0.18875
0.0289785,0.358001,0.0277572,0.259436,0.0192481,0.18961
0.02017,0.168655,0.0277426,0.259261,0.019216,0.189523
0.02017,0.168655,0.027728,0.259087,0.0191968,0.189112
0.0185421,0.158739,0.0277104,0.258895,0.0192083,0.188983
0.0185421,0.158739,0.0276929,0.258703,0.0192199,0.188853
0.0185421,0.158739,0.0276754,0.258512,0.0192314,0.188724
0.0203339,0.113636,0.0276613,0.258235,0.0192534,0.188411
0.0168833,0.140845,0.0276408,0.258012,0.019218,0.187592
0.0168833,0.140845,0.0276204,0.257789,0.0191825,0.186774
0.0142521,0.127345,0.027595,0.257541,0.0191036,0.186487
0.00942194,0.118713,0.0275606,0.257278,0.0190299,0.186295
0.00942194,0.118713,0.0275263,0.257016,0.0189563,0.186104
0.00842647,0.0962277,0.0274903,0.256713,0.0188901,0.185917
0.011112,0.162618,0.0274594,0.256536,0.0188582,0.185803
0.011112,0.162618,0.0274287,0.256359,0.0188338,0.185632
0.011112,0.162618,0.0273981,0.256183,0.0188272,0.185762
0.0189572,0.199508,0.0273823,0.256077,0.0188598,0.186077
0.0160871,0.109067,0.0273611,0.255802,0.0188781,0.185939
0.0160871,0.109067,0.0273401,0.255529,0.0188654,0.185486
0.0212501,0.252495,0.0273288,0.255523,0.0188723,0.185746
0.0212501,0.252495,0.0273175,0.255517,0.0188793,0.186005
0.024999,0.356443,0.0273132,0.255705,0.0189182,0.186811
0.0308637,0.346539,0.0273197,0.255873,0.0189778,0.187212
0.0260798,0.334334,0.0273175,0.256018,0.0190135,0.187551
0.0260798,0.334334,0.0273152,0.256162,0.0190139,0.186844
0.0279534,0.276456,0.0273163,0.2562,0.0190391,0.186619
0.0291709,0.199744,0.0273198,0.256096,0.0190649,0.186392
0.0291709,0.199744,0.0273232,0.255993,0.0190816,0.185772
0.0351608,0.51019,0.0273375,0.256458,0.0191117,0.186745
0.0375,0.254631,0.0273561,0.256455,0.0191535,0.18644
0.0375,0.254631,0.0273746,0.256452,0.0191953,0.186135
0.028846,0.275109,0.0273773,0.256485,0.0191621,0.185611
0.028846,0.275109,0.0273799,0.256519,0.0191842,0.186099
0.028846,0.275109,0.0273826,0.256553,0.0192062,0.186586
0.0315351,0.357743,0.0273901,0.256736,0.0191844,0.186348
0.0436503,0.555104,0.0274195,0.257276,0.0192785,0.187487
0.0436503,0.555104,0.0274488,0.257814,0.0193726,0.188626
0.0456474,0.347137,0.0274816,0.257974,0.0194766,0.188726
0.0359617,0.320957,0.0274969,0.258088,0.0195451,0.189069
0.0359617,0.320957,0.0275121,0.258201,0.0196343,0.189918
0.0377987,0.424023,0.0275305,0.258498,0.0197327,0.191282
0.0313192,0.279067,0.0275373,0.258535,0.019766,0.191738
0.0299157,0.208194,0.0275415,0.258445,0.0198252,0.191968
0.0299157,0.208194,0.0275458,0.258355,0.0198844,0.192198
0.0254063,0.256727,0.027542,0.258352,0.0199503,0.192845
0.022099,0.211033,0.0275323,0.258268,0.0200084,0.193432
0.022099,0.211033,0.0275227,0.258184,0.0200664,0.194019
0.0376726,0.321184,0.0275406,0.258296,0.0202023,0.195157
0.0362712,0.227848,0.027556,0.258242,0.0202269,0.194908
0.0362712,0.227848,0.0275714,0.258189,0.0202515,0.194658
0.0320905,0.242144,0.0275794,0.25816,0.0202551,0.19448
0.042323,0.355105,0.0276053,0.258331,0.020365,0.195188
0.042323,0.355105,0.0276311,0.2585,0.0204822,0.196158
0.0276513,0.200699,0.0276311,0.258399,0.0205261,0.196357
0.0249729,0.112293,0.0276265,0.258144,0.020489,0.195623
0.0249729,0.112293,0.0276219,0.257889,0.020484,0.195397
0.0203065,0.134908,0.0276091,0.257675,0.0204308,0.194319
0.0419527,0.501749,0.0276341,0.258099,0.0204634,0.194833
0.0419527,0.501749,0.0276589,0.258522,0.020496,0.195347
0.0342813,0.314892,0.0276704,0.25862,0.0205339,0.195624
0.031806,0.26419,0.0276776,0.25863,0.0205714,0.195727
0.0402856,0.396073,0.0276993,0.258867,0.0206512,0.196489
0.0398628,0.31993,0.0277203,0.258972,0.0207328,0.197056
0.0398628,0.31993,0.0277412,0.259077,0.0208471,0.197735
0.0421012,0.218176,0.0277659,0.259007,0.0209725,0.197906
0.0408422,0.35979,0.0277883,0.25918,0.0210939,0.198409
0.040267,0.433829,0.0278097,0.259479,0.0211875,0.199798
0.0278333,0.250764,0.0278097,0.259464,0.0212188,0.200272
0.0257993,0.274682,0.0278063,0.25949,0.0212401,0.200866
0.0205765,0.276154,0.027794,0.259519,0.0212266,0.201464
0.0237207,0.318093,0.027787,0.259618,0.021229,0.202273
0.0237207,0.318093,0.0277801,0.259717,0.0212313,0.203082
0.0275418,0.207938,0.0277797,0.25963,0.0212479,0.203528
0.0190938,0.186996,0.027765,0.259507,0.0212313,0.203426
0.0190938,0.186996,0.0277504,0.259384,0.0212147,0.203323
0.0176471,0.242485,0.0277333,0.259356,0.021233,0.203512
0.0177481,0.109578,0.0277165,0.259104,0.0212538,0.203415
0.0177481,0.109578,0.0276998,0.258852,0.0212745,0.203317
0.0174602,0.141139,0.0276826,0.258655,0.0212839,0.203195
0.0211281,0.305658,0.0276716,0.258734,0.0213298,0.20396
0.0211281,0.305658,0.0276607,0.258812,0.0213737,0.204879
0.0211281,0.305658,0.0276498,0.25889,0.0214233,0.205632
0.0157324,0.221908,0.0276299,0.258829,0.0214532,0.206221
0.0150655,0.16846,0.027609,0.258678,0.0214797,0.206542
0.0126813,0.148508,0.0275842,0.258495,0.0214943,0.206764
0.0111342,0.112291,0.0275569,0.258253,0.0215022,0.2065
0.0111342,0.112291,0.0275297,0.258011,0.0215173,0.206423
0.0106238,0.149037,0.0275018,0.257831,0.0215299,0.206531
0.0154904,0.143253,0.027482,0.257642,0.0215195,0.206335
0.0154904,0.143253,0.0274622,0.257453,0.021521,0.206337
0.0154904,0.143253,0.0274425,0.257266,0.0215225,0.20634
0.0159159,0.173701,0.0274236,0.257128,0.021538,0.206746
0.0133475,0.121536,0.0274005,0.256906,0.02156,0.20694
0.0133475,0.121536,0.0273775,0.256685,0.021582,0.207134
0.0170485,0.162608,0.0273606,0.256531,0.0216233,0.207453
0.0163503,0.186111,0.0273427,0.256416,0.0216422,0.207637
0.0163503,0.186111,0.0273248,0.256301,0.0216395,0.207877
0.0146757,0.11763,0.0273042,0.256076,0.0216285,0.207775
0.023733,0.148266,0.0272984,0.255901,0.0216664,0.207987
0.023733,0.148266,0.0272926,0.255727,0.0217044,0.2082
0.018922,0.133758,0.0272791,0.255529,0.0217199,0.208247
0.0118207,0.0805095,0.0272541,0.255246,0.021713,0.207829
0.0110418,0.112014,0.027228,0.255015,0.0217086,0.2076
0.0103657,0.123616,0.0272008,0.254804,0.0217014,0.207674
0.00997018,0.0871667,0.0271731,0.254534,0.0216973,0.207527
0.00997018,0.0871667,0.0271455,0.254266,0.0216932,0.20738
0.00997018,0.0871667,0.027118,0.253998,0.0216918,0.207349
0.00913644,0.0998799,0.0270892,0.253751,0.0216853,0.207224
0.0110489,0.10036,0.0270636,0.253506,0.0216883,0.207101
0.019084,0.252764,0.0270509,0.253505,0.0217315,0.20774
0.0193264,0.185375,0.0270386,0.253397,0.0217839,0.208281
0.0193264,0.185375,0.0270263,0.253288,0.0218363,0.208823
0.0156604,0.169812,0.0270083,0.253156,0.0218704,0.209286
0.011773,0.116909,0.0269841,0.25294,0.0218892,0.2095
0.0104975,0.126337,0.026958,0.25274,0.0218904,0.209605
0.0110451,0.124142,0.0269329,0.252536,0.0218943,0.209699
0.0126116,0.117165,0.0269103,0.252323,0.021907,0.209967
0.0126116,0.117165,0.0268878,0.25211,0.021923,0.209982
0.0126116,0.117165,0.0268653,0.251898,0.021939,0.209997
0.0148113,0.127708,0.0268464,0.251703,0.0219677,0.210134
0.0140303,0.118589,0.0268263,0.251494,0.0219916,0.210098
0.0140303,0.118589,0.0268063,0.251286,0.0220241,0.210105
0.0122853,0.0752714,0.0267836,0.251011,0.0220479,0.209895
0.0127009,0.0812659,0.0267616,0.250747,0.0220755,0.209975
0.0127009,0.0812659,0.0267397,0.250483,0.022103,0.210054
0.0127009,0.0812659,0.0267179,0.250219,0.0221305,0.210134
0.0109702,0.0809387,0.0266935,0.249957,0.0221475,0.210093
0.01009,0.109043,0.0266677,0.249738,0.0221568,0.210266
0.01009,0.109043,0.026642,0.24952,0.0221661,0.210439
0.00882833,0.067993,0.0266145,0.24924,0.0221765,0.210592
0.0107233,0.107845,0.02659,0.249021,0.0221952,0.210857
0.0107233,0.107845,0.0265655,0.248804,0.0222139,0.211123
0.0107233,0.107845,0.0265412,0.248587,0.0222363,0.211467
0.00666135,0.153713,0.0265106,0.248441,0.022244,0.212044
0.00832868,0.113175,0.0264827,0.248234,0.02226,0.212418
0.00832868,0.113175,0.0264549,0.248027,0.022279,0.212797
0.0110346,0.127846,0.0264314,0.247843,0.0222964,0.21309
0.0113769,0.0780967,0.0264084,0.247584,0.0223171,0.213186
0.0113769,0.0780967,0.0263855,0.247326,0.0223378,0.213281
0.0101762,0.0590235,0.0263608,0.247039,0.0223048,0.212261
0.00885668,0.0572118,0.0263342,0.246751,0.0222597,0.211601
0.00885668,0.0572118,0.0263077,0.246463,0.0222146,0.21094
0.00758948,0.0580128,0.0262793,0.246178,0.0221632,0.210284
0.00520594,0.0930621,0.0262474,0.245946,0.022127,0.209509
0.00481619,0.0996781,0.0262151,0.245725,0.0220183,0.207698
0.00481619,0.0996781,0.0261828,0.245505,0.0218803,0.206548
0.00593612,0.0436047,0.0261523,0.245201,0.0217479,0.205118
0.00589691,0.0566055,0.0261218,0.244917,0.0216153,0.203752
0.00589691,0.0566055,0.0260915,0.244634,0.0214497,0.201317
0.0041795,0.0610028,0.0260586,0.244359,0.0212803,0.199926
0.00582046,0.0697974,0.0260283,0.244098,0.0211192,0.198578
0.00536632,0.0743339,0.0259974,0.243844,0.021002,0.197213
0.00536632,0.0743339,0.0259666,0.243591,0.0208848,0.195847
0.0133895,0.18499,0.0259479,0.243504,0.0208077,0.195035
0.0147789,0.134489,0.0259313,0.243341,0.0207412,0.194177
0.0147789,0.134489,0.0259147,0.24318,0.0206049,0.193137
0.0187994,0.152601,0.0259041,0.243045,0.0204886,0.192189
0.0185033,0.119029,0.0258932,0.242861,0.0203709,0.191072
0.0185033,0.119029,0.0258822,0.242678,0.0202889,0.190747
0.0293451,0.25423,0.0258874,0.242695,0.020317,0.19134
0.0278265,0.254881,0.0258902,0.242713,0.0203374,0.191937
0.0278265,0.254881,0.0258931,0.242731,0.0203771,0.192221
0.0199348,0.225593,0.0258843,0.242706,0.0202419,0.191118
0.0185388,0.124446,0.0258735,0.242532,0.0200997,0.18951
0.0185388,0.124446,0.0258628,0.242359,0.0199813,0.188458
0.0185388,0.124446,0.025852,0.242187,0.0199359,0.187976
0.0344831,0.279721,0.0258647,0.242241,0.0199759,0.18846
0.0248888,0.218293,0.0258632,0.242206,0.0199477,0.18803
0.0248888,0.218293,0.0258618,0.242172,0.0199439,0.187766
0.0204628,0.262895,0.025854,0.242202,0.0199179,0.187726
0.0204628,0.262895,0.0258461,0.242232,0.0198235,0.186524
0.0204628,0.262895,0.0258383,0.242262,0.0197717,0.185817
0.0148392,0.227126,0.0258224,0.24224,0.0196918,0.184932
0.0268523,0.285546,0.0258239,0.242303,0.0196927,0.185335
0.0268523,0.285546,0.0258254,0.242365,0.0196936,0.185738
0.0238972,0.260558,0.0258226,0.242391,0.0196798,0.186017
0.0185466,0.18086,0.0258121,0.242303,0.0196875,0.186255
0.0185466,0.18086,0.0258016,0.242214,0.0196755,0.18611
0.0163688,0.178214,0.0257881,0.242122,0.0196526,0.185951
0.0160985,0.170653,0.0257742,0.24202,0.0196222,0.186288
0.012575,0.136851,0.0257553,0.241869,0.019603,0.186346
0.012575,0.136851,0.0257364,0.241719,0.0195839,0.186404
0.0129113,0.160594,0.0257181,0.241603,0.0195664,0.186581
0.0133661,0.0674162,0.0257005,0.241354,0.019581,0.1865
0.0133661,0.0674162,0.0256829,0.241107,0.0196095,0.186406
0.0199386,0.15543,0.0256747,0.240985,0.0196248,0.186041
0.0151641,0.093096,0.0256598,0.240775,0.0196297,0.18547
0.0151641,0.093096,0.0256449,0.240565,0.0196314,0.185237
0.0151641,0.093096,0.0256301,0.240356,0.0196361,0.184646
0.0120886,0.12995,0.0256109,0.2402,0.0196052,0.184887
0.0159741,0.225457,0.0255973,0.240179,0.0195938,0.185606
0.0159741,0.225457,0.0255837,0.240159,0.0195937,0.186193
0.0131766,0.133153,0.0255663,0.240008,0.0195797,0.186319
0.0131766,0.133153,0.0255488,0.239858,0.0195657,0.186444
0.0131766,0.133153,0.0255314,0.239708,0.0195489,0.186553
0.0126552,0.123644,0.0255134,0.239545,0.0195294,0.186614
0.0113801,0.139606,0.0254936,0.239405,0.0195035,0.186755
0.0113801,0.139606,0.0254739,0.239265,0.0194812,0.18671
0.0126656,0.0895376,0.025456,0.239056,0.0194653,0.186414
0.0218934,0.314176,0.025451,0.239161,0.0194955,0.187242
0.0271899,0.235272,0.0254534,0.239156,0.0194866,0.186629
0.0445616,0.276058,0.02548,0.239207,0.0196085,0.187166
0.0370107,0.244975,0.025496,0.239215,0.0196927,0.187547
0.0370107,0.244975,0.025512,0.239223,0.0197851,0.187979
0.035535,0.35487,0.0255259,0.239383,0.01987,0.188959
0.035535,0.35487,0.0255397,0.239543,0.019955,0.18994
0.035535,0.35487,0.0255535,0.239702,0.020031,0.191146
0.029911,0.306367,0.0255595,0.239794,0.0200961,0.191974
0.0201966,0.265975,0.0255521,0.23983,0.0201127,0.192599
0.0201966,0.265975,0.0255448,0.239866,0.0201424,0.193292
0.0201966,0.265975,0.0255374,0.239902,0.0201963,0.194029
0.019146,0.328914,0.0255287,0.240024,0.0202449,0.19508
0.0192665,0.237047,0.0255201,0.24002,0.0202991,0.195784
0.0192665,0.237047,0.0255115,0.240016,0.0203399,0.196156
0.0170195,0.225574,0.0254999,0.239996,0.0203694,0.196471
0.0138588,0.182804,0.025484,0.239918,0.0203832,0.196572
0.0138588,0.182804,0.0254682,0.23984,0.0203577,0.196488
0.0192961,0.257934,0.0254598,0.239865,0.0203737,0.197232
0.0192961,0.257934,0.0254514,0.23989,0.0203898,0.197977
0.0192961,0.257934,0.0254431,0.239914,0.02038,0.198004
0.0181326,0.200252,0.0254332,0.23986,0.0203644,0.197743
0.033966,0.46382,0.0254447,0.240163,0.0204092,0.19828
0.033966,0.46382,0.0254562,0.240466,0.0204248,0.198866
0.030371,0.501093,0.0254629,0.240817,0.0204462,0.1997
0.0316987,0.266793,0.0254713,0.240852,0.0204743,0.199362
0.0316987,0.266793,0.0254797,0.240887,0.020493,0.199314
0.0239809,0.145781,0.0254776,0.240759,0.0204671,0.199044
0.022853,0.176483,0.0254741,0.240673,0.0204355,0.198928
0.022853,0.176483,0.0254706,0.240587,0.0203739,0.197259
0.0313979,0.392118,0.0254785,0.24079,0.0203434,0.197947
0.034644,0.276971,0.0254908,0.240838,0.0203292,0.198058
0.0441798,0.288423,0.0255157,0.240902,0.0204058,0.198125
0.0441798,0.288423,0.0255406,0.240965,0.0204825,0.198191
0.0290153,0.324677,0.0255453,0.241077,0.0204833,0.198439
0.0217908,0.33184,0.0255403,0.241197,0.0204346,0.19831
0.0217908,0.33184,0.0255353,0.241318,0.0203253,0.197193
0.0252184,0.250901,0.0255349,0.241331,0.0202332,0.195672
0.0211997,0.216287,0.0255291,0.241297,0.0201109,0.195018
0.0211997,0.216287,0.0255234,0.241264,0.0200371,0.194495
0.0222645,0.214893,0.0255191,0.241229,0.0199686,0.193965
0.0311052,0.309713,0.0255265,0.24132,0.0199352,0.193393
0.0280748,0.167705,0.0255298,0.241223,0.0199189,0.192836
0.024848,0.229679,0.0255289,0.241208,0.0198936,0.192944
0.024848,0.229679,0.025528,0.241192,0.0198683,0.193051
0.0196467,0.192908,0.0255203,0.241129,0.0198395,0.192732
0.0198053,0.133812,0.0255128,0.240988,0.019828,0.192346
0.0198053,0.133812,0.0255053,0.240848,0.0198165,0.19196
0.020824,0.167238,0.0254992,0.240752,0.0197323,0.19119
0.023395,0.106149,0.0254965,0.240576,0.0196679,0.190582
0.0208171,0.109073,0.0254904,0.240405,0.0195906,0.189988
0.0208171,0.109073,0.0254843,0.240234,0.0195343,0.189322
0.0145542,0.115901,0.0254701,0.240072,0.0193954,0.188126
0.0170516,0.161676,0.0254591,0.23997,0.0192691,0.187159
0.0170516,0.161676,0.0254482,0.239869,0.0192161,0.186964
0.0170516,0.161676,0.0254374,0.239767,0.0191765,0.187211
0.0211614,0.177963,0.0254318,0.239687,0.0191574,0.187539
0.0181646,0.16455,0.0254224,0.23959,0.0191467,0.187687
0.0181646,0.16455,0.0254131,0.239494,0.0190278,0.186001
0.0157981,0.09856,0.0254007,0.239312,0.018897,0.183986
0.0212046,0.307425,0.0253953,0.2394,0.0188316,0.183948
0.0212046,0.307425,0.0253899,0.239487,0.0187786,0.184164
0.0173429,0.314883,0.0253796,0.239584,0.0186639,0.183758
0.0175317,0.137137,0.0253695,0.239452,0.0185522,0.182844
0.0176865,0.155925,0.0253597,0.239346,0.0184413,0.182024
0.0176865,0.155925,0.0253499,0.239239,0.0183193,0.181713
0.0208146,0.357363,0.0253441,0.23939,0.0182191,0.181701
0.0186187,0.354075,0.0253355,0.239536,0.0181109,0.181302
0.0186187,0.354075,0.0253269,0.239682,0.0180648,0.181819
0.0174517,0.168758,0.0253169,0.239592,0.0180231,0.181289
0.0176561,0.24415,0.0253072,0.239597,0.0180085,0.181129
0.0176561,0.24415,0.0252975,0.239603,0.0179781,0.180759
0.0176561,0.24415,0.0252878,0.239609,0.0179478,0.18039
0.0313184,0.197199,0.0252954,0.239555,0.0179667,0.180336
0.0291406,0.225905,0.0253003,0.239538,0.0180169,0.180531
0.0291406,0.225905,0.0253051,0.239521,0.0180672,0.180725
0.0253431,0.249202,0.0253052,0.239533,0.0181057,0.180759
0.0207161,0.169969,0.0252994,0.239445,0.0181205,0.181061
0.0207161,0.169969,0.0252936,0.239358,0.0181353,0.181363
0.0153899,0.184659,0.0252812,0.239289,0.018125,0.18158
0.0233654,0.355487,0.0252788,0.239435,0.0181362,0.181829
0.0233654,0.355487,0.0252764,0.239581,0.0181474,0.182079
0.0386432,0.277936,0.0252931,0.239629,0.0182349,0.18194
0.0228692,0.217513,0.0252901,0.239601,0.0182706,0.181918
0.0230679,0.267387,0.0252873,0.239636,0.0183106,0.182413
0.0170414,0.280705,0.025277,0.239687,0.0183324,0.183074
0.0170414,0.280705,0.0252668,0.239738,0.018362,0.183916
0.0159303,0.226712,0.0252552,0.239722,0.0183859,0.184488
0.0254356,0.19186,0.0252554,0.239662,0.01846,0.184702
0.0229819,0.204103,0.0252526,0.239618,0.0184975,0.185006
0.0253029,0.333812,0.0252526,0.239735,0.0185465,0.185959
0.0255205,0.232253,0.025253,0.239726,0.0185967,0.186404
0.0255205,0.232253,0.0252533,0.239716,0.0186447,0.186697
0.0230287,0.219998,0.0252505,0.239692,0.0186931,0.187189
0.0179262,0.187807,0.0252415,0.239628,0.018716,0.18752
0.0179262,0.187807,0.0252325,0.239564,0.0187204,0.187646
0.0164827,0.201055,0.0252217,0.239517,0.018721,0.187721
0.016716,0.193812,0.0252113,0.239461,0.0187229,0.18776
0.016716,0.193812,0.0252009,0.239405,0.0187331,0.18814
0.0153072,0.148283,0.0251887,0.239293,0.0186909,0.188141
0.0193202,0.162799,0.0251816,0.239199,0.0186689,0.188213
0.0193202,0.162799,0.0251744,0.239106,0.0186709,0.188358
0.0193202,0.162799,0.0251672,0.239013,0.0187084,0.18877
0.0185511,0.127591,0.0251592,0.238877,0.0187459,0.188848
0.0198493,0.126841,0.0251527,0.23874,0.0187933,0.188864
0.0198493,0.126841,0.0251463,0.238604,0.0188427,0.189062
0.0159256,0.274113,0.0251351,0.238647,0.0188725,0.189997
0.0159256,0.274113,0.0251239,0.238691,0.0189023,0.190932
0.0159256,0.274113,0.0251127,0.238733,0.0189362,0.191803
0.0273556,0.344054,0.0251154,0.238861,0.0190178,0.193021
0.033417,0.245363,0.0251255,0.238869,0.0190894,0.192984
0.033417,0.245363,0.0251355,0.238877,0.0191599,0.193284
0.0269597,0.198397,0.0251377,0.238828,0.0191981,0.193349
0.0275874,0.217455,0.0251407,0.238802,0.0192577,0.193588
0.0275874,0.217455,0.0251436,0.238776,0.0193368,0.19409
0.0275874,0.217455,0.0251465,0.238751,0.0194222,0.194546
0.0212851,0.333056,0.0251419,0.238864,0.0194734,0.19559
0.0230724,0.159141,0.0251394,0.238768,0.0195257,0.1958
0.0230724,0.159141,0.0251369,0.238673,0.019578,0.19601
0.0185083,0.175281,0.025129,0.238597,0.0196075,0.196301
0.0299064,0.301442,0.0251347,0.238672,0.019683,0.197169
0.0299064,0.301442,0.0251404,0.238747,0.0197624,0.198084
0.0299064,0.301442,0.0251461,0.238822,0.0198417,0.198998
0.0232188,0.201795,0.0251438,0.238778,0.0198964,0.199631
0.0186343,0.178362,0.0251361,0.238706,0.0199261,0.200116
0.0186343,0.178362,0.0251283,0.238634,0.0199557,0.200602
0.0220185,0.164314,0.0251246,0.238546,0.0200023,0.201017
0.0220185,0.164314,0.025121,0.238458,0.0200576,0.201434
0.0220185,0.164314,0.0251173,0.23837,0.0201172,0.20171
0.0188126,0.146654,0.0251098,0.238262,0.0201608,0.201898
0.0186969,0.168089,0.0251023,0.238179,0.0202102,0.202399
0.0203364,0.100334,0.0250967,0.238017,0.0202582,0.202361
0.0336843,0.343863,0.0251068,0.238141,0.020373,0.203541
0.0336843,0.343863,0.0251169,0.238266,0.0204878,0.204721
0.0260076,0.264604,0.0251179,0.238297,0.0205846,0.205276
0.0260076,0.264604,0.0251189,0.238328,0.020673,0.206033
0.0260076,0.264604,0.02512,0.238358,0.0207614,0.20679
0.0265362,0.186525,0.0251216,0.238298,0.0208389,0.207083
0.0204591,0.209358,0.0251162,0.238264,0.0208843,0.20774
0.0204591,0.209358,0.0251108,0.23823,0.0209297,0.208396
0.0267695,0.19486,0.0251127,0.238179,0.0210127,0.209075
0.0182075,0.166772,0.0251046,0.238096,0.0210594,0.209623
0.0182075,0.166772,0.0250966,0.238013,0.0211062,0.210171
0.0142898,0.159739,0.025084,0.237922,0.0211397,0.210679
0.0154142,0.150869,0.0250728,0.237821,0.0211907,0.210968
0.0131539,0.136199,0.025059,0.237703,0.0212324,0.211151
0.0131539,0.136199,0.0250452,0.237586,0.0212741,0.211334
0.0099566,0.124409,0.0250277,0.237455,0.0212942,0.211738
0.0094137,0.0975075,0.0250097,0.237293,0.0213118,0.211942
0.0094137,0.0975075,0.0249917,0.237131,0.0213294,0.212147
0.00750394,0.132271,0.0249715,0.23701,0.021346,0.212503
0.00800196,0.149985,0.024952,0.23691,0.0213569,0.212904
0.00800196,0.149985,0.0249324,0.23681,0.0213701,0.213282
0.00868864,0.179301,0.0249138,0.236744,0.0213867,0.213807
0.0122748,0.14754,0.0248993,0.236642,0.0213811,0.21362
0.0122748,0.14754,0.0248848,0.236539,0.0213686,0.213685
0.0121605,0.166248,0.0248702,0.236459,0.0213555,0.213844
0.0101377,0.13002,0.0248534,0.236337,0.0213122,0.213731
0.0101377,0.13002,0.0248365,0.236216,0.0212704,0.213786
0.0101377,0.13002,0.0248198,0.236094,0.0212285,0.213841
0.0107199,0.116624,0.0248037,0.235958,0.0211354,0.213153
0.0102417,0.0685385,0.0247871,0.235767,0.0210475,0.212221
0.0102417,0.0685385,0.0247705,0.235577,0.0209596,0.211289
0.0179995,0.112989,0.0247629,0.235438,0.0209499,0.210726
0.0151755,0.12003,0.024752,0.235307,0.0209331,0.210704
0.0151755,0.12003,0.0247411,0.235176,0.0209162,0.210682
0.0151755,0.12003,0.0247303,0.235046,0.0208994,0.21066
0.0119854,0.0982843,0.0247159,0.234891,0.0207869,0.209753
0.0147119,0.0893583,0.0247046,0.234727,0.0207361,0.209108
0.0147119,0.0893583,0.0246933,0.234563,0.0206852,0.208464
0.0196265,0.241914,0.0246876,0.234571,0.020681,0.208359
0.0177561,0.136344,0.0246798,0.23446,0.0206675,0.207726
0.0177561,0.136344,0.024672,0.23435,0.0206539,0.207093
0.0177561,0.136344,0.0246642,0.23424,0.0206685,0.206639
0.0264334,0.132272,0.0246662,0.234125,0.0206664,0.205873
0.0264334,0.132272,0.0246682,0.234011,0.0206643,0.205107
0.0337432,0.316325,0.0246783,0.234103,0.0207135,0.205385
0.0206712,0.166867,0.0246738,0.234028,0.0207242,0.205315
0.0206712,0.166867,0.0246694,0.233953,0.0207348,0.205245
0.0175606,0.131619,0.0246614,0.233839,0.0207408,0.205012
0.0274334,0.37702,0.0246645,0.233998,0.0207974,0.206044
0.0274334,0.37702,0.0246676,0.234158,0.0208717,0.207245
0.0290593,0.238106,0.0246725,0.234162,0.0209541,0.207751
0.0211946,0.269072,0.0246686,0.234201,0.0209956,0.208294
0.0214616,0.173593,0.0246651,0.234134,0.021036,0.208825
0.0214616,0.173593,0.0246615,0.234067,0.0210765,0.209356
0.0122006,0.196759,0.0246477,0.234025,0.0210378,0.209562
0.0117051,0.194257,0.0246334,0.233981,0.0210205,0.210068
0.0117051,0.194257,0.0246191,0.233937,0.0210032,0.210574
0.0118648,0.21919,0.024605,0.233921,0.0209867,0.211204
0.0287906,0.368097,0.0246097,0.234069,0.0210702,0.212395
0.0287906,0.368097,0.0246143,0.234217,0.0211343,0.213108
0.027804,0.348804,0.0246178,0.234343,0.0211935,0.213725
0.0340012,0.233578,0.0246281,0.234342,0.0212976,0.214227
0.0340012,0.233578,0.0246384,0.234341,0.0214017,0.214729
0.0340012,0.233578,0.0246486,0.23434,0.0215058,0.215231
0.0245069,0.238146,0.0246485,0.234344,0.0215651,0.215804
0.0245069,0.238146,0.0246483,0.234348,0.0216307,0.216297
0.0155959,0.169442,0.0246384,0.234278,0.0216518,0.216446
0.0241187,0.404076,0.0246379,0.234463,0.0217091,0.218018
0.0241187,0.404076,0.0246373,0.234648,0.0217202,0.218468
0.0176264,0.257399,0.0246297,0.234673,0.0216724,0.218579
0.0160145,0.213717,0.0246203,0.23465,0.0215297,0.218267
0.0160145,0.213717,0.0246109,0.234627,0.0214247,0.218111
0.0132017,0.122042,0.0245986,0.234505,0.0213056,0.217496
0.0239653,0.183987,0.0245979,0.23445,0.0212478,0.216641
0.0239653,0.183987,0.0245972,0.234395,0.0211899,0.215787
0.0153632,0.168476,0.0245872,0.234324,0.0210891,0.214855
0.0153632,0.168476,0.0245772,0.234253,0.0210163,0.214166
0.0153632,0.168476,0.0245673,0.234182,0.0209922,0.213678
0.0115032,0.127432,0.0245532,0.234067,0.0209487,0.212985
0.018157,0.243154,0.0245463,0.234076,0.0209385,0.212871
0.018157,0.243154,0.0245394,0.234086,0.0209336,0.212443
0.014948,0.191713,0.0245291,0.234041,0.020912,0.212216
0.014948,0.191713,0.0245188,0.233995,0.0208904,0.211989
0.014948,0.191713,0.0245085,0.23395,0.02088,0.21182
0.0150953,0.129452,0.0244984,0.233838,0.0208862,0.211553
0.015404,0.106679,0.0244887,0.233702,0.0208939,0.211173
0.0175674,0.160539,0.0244813,0.233623,0.0208853,0.210686
0.0155288,0.157886,0.0244717,0.233543,0.0208664,0.210185
0.0155288,0.157886,0.0244622,0.233462,0.0208476,0.209685
0.0155288,0.157886,0.0244527,0.233381,0.0208346,0.209473
0.0124219,0.10494,0.0244399,0.233244,0.0207269,0.207679
0.0102703,0.150852,0.0244248,0.233157,0.0206084,0.206114
0.0102703,0.150852,0.0244097,0.233069,0.0205079,0.204363
0.00866923,0.16261,0.024393,0.232995,0.0203927,0.203842
0.00897819,0.121338,0.0243767,0.232876,0.0202791,0.203115
0.00897819,0.121338,0.0243604,0.232758,0.0202041,0.202992
0.00878904,0.108718,0.0243439,0.232627,0.0201338,0.202654
0.00957083,0.100538,0.0243283,0.232487,0.0200674,0.202274
0.00957083,0.100538,0.0243127,0.232348,0.0199583,0.200816
0.00957083,0.100538,0.0242971,0.232209,0.0198329,0.199934
0.00642452,0.123074,0.0242783,0.232094,0.0196441,0.199107
0.00585267,0.0701686,0.0242589,0.231923,0.0194525,0.198016
0.00585267,0.0701686,0.0242396,0.231753,0.0193367,0.196743
0.00979583,0.168099,0.0242244,0.231686,0.0192767,0.195924
0.0196924,0.117785,0.0242196,0.231567,0.0192662,0.194854
0.0196924,0.117785,0.0242149,0.231448,0.0192386,0.194189
0.0196924,0.117785,0.0242101,0.231328,0.019231,0.193696
0.0147429,0.0722718,0.0242002,0.231162,0.0191987,0.192976
0.00992242,0.059669,0.0241853,0.230983,0.019137,0.1922
0.00992242,0.059669,0.0241704,0.230804,0.0190311,0.19095
0.0125903,0.0811821,0.0241584,0.230648,0.0189537,0.190517
0.0118356,0.0626398,0.0241455,0.230473,0.0188886,0.189682
0.0118356,0.0626398,0.0241327,0.230298,0.0188236,0.188847
0.0109986,0.0772176,0.0241191,0.230139,0.0187803,0.188268
0.0106378,0.110377,0.0241051,0.230015,0.0187345,0.188151
0.0106378,0.110377,0.0240911,0.229891,0.0186887,0.188034
0.0110137,0.0658107,0.0240775,0.229721,0.0186396,0.187527
0.0145229,0.154256,0.0240677,0.229643,0.0185953,0.187767
0.0150463,0.116164,0.0240583,0.229525,0.0185664,0.187803
0.0150463,0.116164,0.024049,0.229408,0.0185375,0.187838
0.0119182,0.0835026,0.0240365,0.229258,0.0185244,0.187676
0.0188126,0.200564,0.0240311,0.229228,0.0185332,0.187871
0.0188126,0.200564,0.0240257,0.229199,0.018542,0.188065
0.0150351,0.189301,0.0240165,0.229157,0.0185319,0.188203
0.0125339,0.119434,0.0240047,0.229045,0.0184888,0.187911
0.0125339,0.119434,0.0239929,0.228932,0.0184606,0.187685
0.0156841,0.134434,0.0239844,0.228835,0.0184482,0.187534
0.0196554,0.207272,0.0239799,0.228813,0.0184675,0.188078
0.0185028,0.228749,0.0239743,0.228813,0.018454,0.187685
0.0157572,0.186117,0.0239659,0.228769,0.0184267,0.187078
0.0168053,0.179267,0.0239586,0.228719,0.0184241,0.1864
0.0168053,0.179267,0.0239513,0.228668,0.0184204,0.186611
0.0139959,0.128194,0.0239412,0.228566,0.018402,0.186472
0.0143089,0.223667,0.0239314,0.228561,0.0183851,0.186811
0.0143089,0.223667,0.0239216,0.228556,0.0183525,0.186142
0.0137257,0.0938155,0.0239112,0.228419,0.0183281,0.184841
0.012039,0.0945614,0.0238992,0.228283,0.0182952,0.183543
0.012039,0.0945614,0.0238871,0.228148,0.0182681,0.183172
0.0131923,0.152192,0.0238763,0.228071,0.0182458,0.182713
0.00966986,0.114692,0.0238619,0.227956,0.0182059,0.182065
0.00966986,0.114692,0.0238476,0.227841,0.0181659,0.181418
0.00966986,0.114692,0.0238333,0.227727,0.0180577,0.181005
0.00720254,0.0742331,0.0238165,0.227572,0.017948,0.180247
0.00558884,0.0789907,0.0237981,0.227422,0.0178302,0.179513
0.00558884,0.0789907,0.0237798,0.227273,0.0177315,0.178661
0.0077137,0.0939308,0.0237636,0.227139,0.0176665,0.178281
0.0077137,0.0939308,0.0237475,0.227005,0.0176015,0.177901
0.0077137,0.0939308,0.0237314,0.226871,0.0175631,0.177447
0.00551208,0.101608,0.0237131,0.226746,0.0174738,0.176178
0.00588317,0.0554678,0.0236952,0.226574,0.0173864,0.174678
0.00588317,0.0554678,0.0236774,0.226403,0.0172226,0.173566
0.00531286,0.0778245,0.023659,0.226254,0.0171348,0.172867
0.00390341,0.0743502,0.0236393,0.226102,0.017039,0.171902
0.00390341,0.0743502,0.0236196,0.225951,0.0169733,0.17087
0.00353829,0.0760163,0.0235996,0.225801,0.0169058,0.169847
0.00729397,0.124647,0.0235833,0.225701,0.0168626,0.169336
0.0107716,0.119213,0.0235706,0.225595,0.0167893,0.168973
0.0120173,0.0833936,0.0235591,0.225453,0.0167345,0.16837
0.00948468,0.0885495,0.0235451,0.225317,0.0166554,0.167143
0.00948468,0.0885495,0.0235312,0.225182,0.0165752,0.166425
0.00948468,0.0885495,0.0235173,0.225046,0.016495,0.165706
0.0121746,0.0922994,0.023506,0.224915,0.0164407,0.165068
0.0141491,0.0355477,0.0234968,0.224728,0.0164219,0.164307
0.0141491,0.0355477,0.0234875,0.224541,0.016403,0.163545
0.0175977,0.0426318,0.0234817,0.224361,0.0164085,0.162753
0.0154375,0.054502,0.0234738,0.224194,0.0164022,0.162057
0.0154375,0.054502,0.0234659,0.224026,0.0163958,0.16136
0.0141341,0.0440688,0.0234567,0.223849,0.0163899,0.160839
0.00913376,0.0485914,0.0234426,0.223677,0.016339,0.160268
0.0109088,0.0572464,0.0234303,0.223513,0.0162969,0.15974
0.0109088,0.0572464,0.023418,0.22335,0.0162548,0.159212
0.0125179,0.100474,0.0234073,0.22323,0.0162247,0.159077
0.0125179,0.100474,0.0233967,0.22311,0.016188,0.158945
0.0125179,0.100474,0.023386,0.22299,0.0161514,0.158813
0.0110211,0.0798602,0.0233739,0.22285,0.0161268,0.157842
0.0110211,0.0798602,0.0233619,0.22271,0.0161023,0.156871
0.0110211,0.0798602,0.0233498,0.222571,0.0160778,0.155899
0.0137682,0.0152925,0.0233405,0.222369,0.0160099,0.154256
0.0174807,0.057001,0.0233348,0.222208,0.0159302,0.153314
0.0174807,0.057001,0.0233291,0.222047,0.0158505,0.152372
0.0181384,0.106366,0.023324,0.221935,0.0158064,0.151912
0.0171838,0.0496116,0.0233181,0.221767,0.0157544,0.151073
0.0171838,0.0496116,0.0233121,0.2216,0.0157024,0.150233
0.0160872,0.0568161,0.0233051,0.221441,0.0156449,0.14943
0.0112525,0.0641535,0.0232935,0.221288,0.0155947,0.148086
0.0112525,0.0641535,0.0232818,0.221136,0.0155356,0.147611
0.0112525,0.0641535,0.0232702,0.220985,0.0154765,0.147136
0.0162552,0.128798,0.0232634,0.220896,0.0154652,0.146903
0.017776,0.0710519,0.0232581,0.220751,0.0154046,0.145751
0.017776,0.0710519,0.0232528,0.220607,0.0153439,0.144599
0.0158838,0.108529,0.0232457,0.220499,0.0152738,0.143635
0.0163439,0.0876341,0.0232391,0.220371,0.0152394,0.143064
0.0189107,0.0977095,0.023235,0.220254,0.0152408,0.142661
0.0185859,0.0643729,0.0232305,0.220104,0.0152406,0.142091
0.02432,0.0887969,0.0232315,0.219978,0.0152521,0.141713
0.02432,0.0887969,0.0232326,0.219852,0.0152636,0.141336
0.02432,0.0887969,0.0232336,0.219727,0.0152751,0.140958
0.025013,0,0.0232353,0.219517,0.0153061,0.140225
0.0188631,0.013965,0.0232311,0.219321,0.0153069,0.139454
0.0188631,0.013965,0.023227,0.219125,0.0152996,0.139022
0.01595,0.0611959,0.02322,0.218974,0.0152109,0.137609
0.0160143,0.0206745,0.0232132,0.218785,0.0151225,0.135993
0.0160143,0.0206745,0.0232063,0.218597,0.0150726,0.134773
0.0160143,0.0206745,0.0231995,0.218409,0.0150226,0.133554
0.0142815,0.0457064,0.023191,0.218245,0.014964,0.132459
0.0134119,0.0679104,0.0231817,0.218102,0.0148984,0.131866
0.0134119,0.0679104,0.0231725,0.21796,0.0148631,0.131159
0.016573,0.043409,0.0231662,0.217794,0.0148437,0.130329
0.0181836,0.032247,0.0231615,0.217619,0.0148008,0.129516
0.0181836,0.032247,0.0231568,0.217444,0.0148006,0.128844
0.0159706,0.0335836,0.02315,0.21727,0.0147895,0.128178
0.0147161,0.0557967,0.0231421,0.217118,0.0147916,0.127658
0.0150958,0.0418177,0.0231345,0.216952,0.01479,0.127113
0.0150958,0.0418177,0.0231269,0.216787,0.0147997,0.126641
0.0110157,0.0350773,0.0231155,0.216616,0.014789,0.126135
0.00738962,0.0257249,0.0231007,0.216437,0.0147762,0.125642
0.00724015,0.0397807,0.0230859,0.216271,0.0147653,0.125353
0.00685454,0.0290303,0.0230706,0.216096,0.0147525,0.125011
0.00694616,0.0423239,0.0230555,0.215933,0.0147497,0.124561
0.00709409,0.0257601,0.0230406,0.215755,0.0147452,0.12394
0.00700728,0.0426563,0.0230256,0.215593,0.0147402,0.123403
0.00543627,0.0277073,0.0230091,0.215417,0.014724,0.122645
0.00543627,0.0277073,0.0229927,0.215242,0.0146898,0.122046
0.00568045,0.0427459,0.0229766,0.215081,0.0146568,0.121522
0.00778443,0.00869717,0.0229624,0.214889,0.0146349,0.120734
0.00778443,0.00869717,0.0229483,0.214697,0.0146231,0.120128
0.00778443,0.00869717,0.0229342,0.214505,0.0146114,0.119521
0.00647119,0.0223599,0.0229189,0.214326,0.014593,0.118983
0.00534591,0.0147897,0.0229026,0.214141,0.0145662,0.118474
0.00534591,0.0147897,0.0228863,0.213956,0.0145417,0.118205
0.00389917,0.0148169,0.0228687,0.213772,0.01451,0.117936
0.00389917,0.0148169,0.0228511,0.213587,0.0144395,0.117445
0.00389917,0.0148169,0.0228336,0.213404,0.0143831,0.116919
0.00329638,0.0111501,0.0228155,0.213217,0.0143237,0.116375
0.00349136,0.00912317,0.0227977,0.213028,0.0142653,0.11582
0.00349136,0.00912317,0.0227799,0.21284,0.0142228,0.115375
0.00305059,0.00912344,0.0227617,0.212652,0.0141645,0.114973
0.00418718,0.012916,0.0227446,0.212468,0.0141119,0.114591
0.00418718,0.012916,0.0227275,0.212285,0.0140347,0.113446
0.00388952,0.00886513,0.0227102,0.212098,0.0139654,0.112809
0.00303209,0.00494348,0.0226921,0.211908,0.0138917,0.112152
0.00303209,0.00494348,0.0226741,0.211718,0.0138181,0.111495
0.00303209,0.00494348,0.0226561,0.211528,0.0137011,0.110858
0.00130681,0.00203155,0.0226365,0.211336,0.0135755,0.110207
0.00130681,0.00203155,0.022617,0.211145,0.0134133,0.108636
0.00130681,0.00203155,0.0225975,0.210954,0.0133165,0.107811
0.000663501,0.000508252,0.0225775,0.210762,0.0132164,0.10698
0.00053402,0,0.0225574,0.210569,0.0131313,0.106321
0.00053402,0,0.0225373,0.210377,0.0129968,0.104436
0.000356221,0,0.0225171,0.210186,0.0128614,0.102551
0.000105731,0,0.0224967,0.209994,0.0127167,0.101361
2.74205e-005,0,0.0224763,0.209804,0.0126108,0.100015
8.13881e-006,0,0.0224559,0.209613,0.0125035,0.0991474
2.41571e-006,0,0.0224355,0.209423,0.0123963,0.0982794
7.17018e-007,0,0.0224152,0.209233,0.0123353,0.0972957
1.85953e-007,0,0.0223949,0.209043,0.0122767,0.0963244
4.82252e-008,0,0.0223746,0.208854,0.0122182,0.0953531
1.43139e-008,0,0.0223544,0.208665,0.0121589,0.0942571
1.43139e-008,0,0.0223342,0.208477,0.0120149,0.0924167
1.43139e-008,0,0.022314,0.208289,0.011871,0.0905762
1.43139e-008,0,0.0222939,0.208101,0.011732,0.0888321
1.43139e-008,0,0.0222738,0.207913,0.0115619,0.0876643
1.43139e-008,0,0.0222538,0.207726,0.0113919,0.0864964
1.43139e-008,0,0.0222338,0.207539,0.0112219,0.0853285
1.43139e-008,0,0.0222138,0.207353,0.0110994,0.0841377
1.43139e-008,0,0.0221938,0.207167,0.0109769,0.082947
1.43139e-008,0,0.0221739,0.206981,0.0108989,0.0820998
1.43139e-008,0,0.0221541,0.206796,0.0107783,0.0800794
1.43139e-008,0,0.0221342,0.20661,0.0106577,0.078059
1.43139e-008,0,0.0221144,0.206426,0.0105696,0.0767721
1.43139e-008,0,0.0220947,0.206241,0.0104895,0.0757035
1.43139e-008,0,0.022075,0.206057,0.0104094,0.0746349
1.43139e-008,0,0.0220553,0.205873,0.0103434,0.0740247
1.43139e-008,0,0.0220356,0.20569,0.0102236,0.0731047
1.43139e-008,0,0.022016,0.205507,0.0101038,0.0721848
1.43139e-008,0,0.0219964,0.205324,0.0100269,0.0713424
1.43139e-008,0,0.0219768,0.205141,0.00995013,0.0705
1.43139e-008,0,0.0219573,0.204959,0.00987332,0.0696577
1.43139e-008,0,0.0219378,0.204777,0.0098158,0.0690205
1.43139e-008,0,0.0219184,0.204596,0.00972502,0.0678047
1.43139e-008,0,0.021899,0.204414,0.00963423,0.066589
1.43139e-008,0,0.0218796,0.204234,0.00955949,0.0656304
1.43139e-008,0,0.0218603,0.204053,0.00948475,0.0646718
1.43139e-008,0,0.0218409,0.203873,0.00941001,0.0637133
1.43139e-008,0,0.0218217,0.203693,0.00933454,0.063066
1.43139e-008,0,0.0218024,0.203513,0.00925751,0.0625326
1.43139e-008,0,0.0217832,0.203334,0.00916968,0.0617299
1.43139e-008,0,0.021764,0.203155,0.00909203,0.0609405
1.43139e-008,0,0.0217449,0.202976,0.00901439,0.060151
1.43139e-008,0,0.0217258,0.202798,0.00893675,0.0593616
1.43139e-008,0,0.0217067,0.20262,0.00887464,0.0588369
1.43139e-008,0,0.0216877,0.202442,0.00882329,0.0580827
1.43139e-008,0,0.0216687,0.202265,0.00877193,0.0573284
1.43139e-008,0,0.0216497,0.202087,0.00872859,0.0565153
1.43139e-008,0,0.0216308,0.201911,0.0086837,0.0559087
1.43139e-008,0,0.0216118,0.201734,0.00863881,0.055302
1.43139e-008,0,0.021593,0.201558,0.00859486,0.0547584
1.43139e-008,0,0.0215741,0.201382,0.00854701,0.0542557
1.43139e-008,0,0.0215553,0.201207,0.00849915,0.053753
1.43139e-008,0,0.0215365,0.201031,0.0084513,0.0532503
1.43139e-008,0,0.0215178,0.200856,0.00841918,0.0526349
1.43139e-008,0,0.0214991,0.200682,0.00838991,0.0522841
1.43139e-008,0,0.0214804,0.200507,0.00836065,0.0519332
1.43139e-008,0,0.0214618,0.200333,0.00831167,0.0510928
1.43139e-008,0,0.0214431,0.20016,0.00821321,0.0505038
1.43139e-008,0,0.0214246,0.199986,0.00811475,0.0499149
